"Date","Price","Open","High","Low","Vol.","Change %"
"01/19/2024","11,700.00","12,000.00","12,000.00","11,600.00","1.35M","-0.85%"
"01/18/2024","11,800.00","11,850.00","12,100.00","11,650.00","2.87M","0.85%"
"01/17/2024","11,700.00","11,600.00","11,900.00","11,550.00","2.29M","2.63%"
"01/16/2024","11,400.00","11,300.00","11,450.00","11,250.00","557.40K","0.88%"
"01/15/2024","11,300.00","11,400.00","11,650.00","11,300.00","1.06M","0.00%"
"01/12/2024","11,300.00","11,550.00","11,700.00","10,950.00","2.45M","-2.59%"
"01/11/2024","11,600.00","11,900.00","11,900.00","11,550.00","1.08M","-1.69%"
"01/10/2024","11,800.00","11,400.00","12,150.00","11,400.00","5.14M","3.51%"
"01/09/2024","11,400.00","11,450.00","11,500.00","11,300.00","1.07M","0.44%"
"01/08/2024","11,350.00","11,400.00","11,500.00","11,300.00","1.41M","-0.44%"
"01/05/2024","11,400.00","11,600.00","11,600.00","11,350.00","1.06M","-0.87%"
"01/04/2024","11,500.00","11,700.00","11,800.00","11,450.00","1.86M","-0.86%"
"01/03/2024","11,600.00","11,300.00","11,600.00","11,150.00","1.22M","2.65%"
"01/02/2024","11,300.00","11,600.00","11,600.00","11,200.00","1.32M","-0.88%"
"12/29/2023","11,400.00","11,650.00","11,650.00","11,400.00","1.27M","-1.30%"
"12/28/2023","11,550.00","11,500.00","11,650.00","11,450.00","1.43M","0.00%"
"12/27/2023","11,550.00","11,700.00","11,750.00","11,400.00","1.66M","-0.86%"
"12/26/2023","11,650.00","11,800.00","12,200.00","11,550.00","1.90M","-1.27%"
"12/25/2023","11,800.00","11,250.00","11,800.00","11,250.00","3.64M","6.31%"
"12/22/2023","11,100.00","11,350.00","11,400.00","11,050.00","1.04M","-1.33%"
"12/21/2023","11,250.00","11,200.00","11,500.00","11,100.00","1.37M","0.00%"
"12/20/2023","11,250.00","10,950.00","11,300.00","10,900.00","1.71M","3.69%"
"12/19/2023","10,850.00","10,800.00","10,850.00","10,600.00","737.60K","2.36%"
"12/18/2023","10,600.00","10,600.00","10,850.00","10,550.00","802.40K","-1.40%"
"12/15/2023","10,750.00","10,800.00","10,900.00","10,600.00","776.40K","-0.46%"
"12/14/2023","10,800.00","11,050.00","11,100.00","10,800.00","963.10K","-1.37%"
"12/13/2023","10,950.00","11,200.00","11,350.00","10,850.00","1.32M","-2.23%"
"12/12/2023","11,200.00","11,050.00","11,200.00","11,000.00","606.30K","1.36%"
"12/11/2023","11,050.00","11,100.00","11,200.00","10,850.00","1.15M","-0.45%"
"12/08/2023","11,100.00","11,300.00","11,400.00","11,000.00","1.56M","-1.33%"
"12/07/2023","11,250.00","11,650.00","11,650.00","11,000.00","2.93M","-3.02%"
"12/06/2023","11,600.00","11,650.00","11,750.00","11,450.00","2.26M","0.00%"
"12/05/2023","11,600.00","11,800.00","11,800.00","11,450.00","2.16M","-0.85%"
"12/04/2023","11,700.00","11,700.00","11,850.00","11,600.00","2.19M","4.00%"
"12/01/2023","11,250.00","11,000.00","11,250.00","10,900.00","2.95M","4.65%"
"11/30/2023","10,750.00","11,100.00","11,150.00","10,750.00","1.88M","-1.83%"
"11/29/2023","10,950.00","11,100.00","11,200.00","10,900.00","1.57M","0.46%"
"11/28/2023","10,900.00","10,600.00","10,900.00","10,500.00","2.14M","3.32%"
"11/27/2023","10,550.00","10,500.00","10,900.00","10,450.00","1.38M","1.93%"
"11/24/2023","10,350.00","10,250.00","10,400.00","10,000.00","2.15M","1.97%"
"11/23/2023","10,150.00","11,100.00","11,200.00","10,150.00","2.51M","-6.88%"
"11/22/2023","10,900.00","10,250.00","10,900.00","10,150.00","3.12M","6.86%"
"11/21/2023","10,200.00","10,050.00","10,300.00","10,050.00","1.20M","1.49%"
"11/20/2023","10,050.00","9,900.00","10,250.00","9,860.00","1.54M","-0.50%"
"11/17/2023","10,100.00","10,450.00","10,500.00","9,910.00","2.33M","-1.94%"
"11/16/2023","10,300.00","10,150.00","10,500.00","10,000.00","1.28M","0.98%"
"11/15/2023","10,200.00","10,350.00","10,350.00","10,050.00","1.43M","2.00%"
"11/14/2023","10,000.00","10,100.00","10,150.00","9,910.00","1.21M","1.52%"
"11/13/2023","9,850.00","10,000.00","10,100.00","9,750.00","1.00M","-0.51%"
"11/10/2023","9,900.00","9,940.00","10,200.00","9,800.00","1.59M","-1.49%"
"11/09/2023","10,050.00","10,100.00","10,400.00","10,000.00","1.91M","0.00%"
"11/08/2023","10,050.00","9,600.00","10,050.00","9,460.00","1.47M","6.24%"
"11/07/2023","9,460.00","9,400.00","9,780.00","9,210.00","1.28M","0.64%"
"11/06/2023","9,400.00","9,500.00","9,550.00","9,320.00","719.90K","-0.53%"
"11/03/2023","9,450.00","9,640.00","9,640.00","9,270.00","1.69M","-1.05%"
"11/02/2023","9,550.00","9,300.00","9,590.00","9,100.00","1.29M","6.35%"
"11/01/2023","8,980.00","8,400.00","8,980.00","8,000.00","1.32M","6.90%"
"10/31/2023","8,400.00","8,900.00","9,100.00","8,400.00","1.74M","-6.67%"
"10/30/2023","9,000.00","9,600.00","9,600.00","9,000.00","1.65M","-6.74%"
"10/27/2023","9,650.00","9,720.00","9,910.00","9,370.00","1.84M","-2.62%"
"10/26/2023","9,910.00","10,200.00","10,300.00","9,910.00","3.19M","-6.95%"
"10/25/2023","10,650.00","10,900.00","11,100.00","10,650.00","1.37M","-2.29%"
"10/24/2023","10,900.00","11,200.00","11,200.00","10,750.00","2.09M","-2.68%"
"10/23/2023","11,200.00","11,800.00","11,800.00","11,150.00","1.43M","-3.86%"
"10/20/2023","11,650.00","11,200.00","11,650.00","10,500.00","3.15M","4.02%"
"10/19/2023","11,200.00","11,900.00","12,100.00","11,200.00","3.51M","-6.67%"
"10/18/2023","12,000.00","13,000.00","13,050.00","12,000.00","4.72M","-6.61%"
"10/17/2023","12,850.00","13,600.00","13,750.00","12,850.00","2.67M","-4.81%"
"10/16/2023","13,500.00","13,450.00","13,800.00","13,250.00","3.68M","0.75%"
"10/13/2023","13,400.00","13,050.00","13,400.00","12,900.00","2.40M","1.13%"
"10/12/2023","13,250.00","13,800.00","13,800.00","13,200.00","2.65M","-2.93%"
"10/11/2023","13,650.00","13,600.00","13,650.00","13,250.00","2.08M","1.87%"
"10/10/2023","13,400.00","13,750.00","13,950.00","13,400.00","3.56M","-0.37%"
"10/09/2023","13,450.00","13,400.00","13,650.00","13,250.00","2.75M","2.67%"
"10/06/2023","13,100.00","12,850.00","13,100.00","12,550.00","2.13M","1.95%"
"10/05/2023","12,850.00","13,250.00","13,400.00","12,750.00","2.05M","-0.77%"
"10/04/2023","12,950.00","12,200.00","13,200.00","12,200.00","2.25M","3.19%"
"10/03/2023","12,550.00","13,250.00","13,350.00","12,550.00","4.04M","-6.69%"
"10/02/2023","13,450.00","13,400.00","14,000.00","13,400.00","3.75M","1.51%"
"09/29/2023","13,250.00","13,500.00","13,750.00","13,100.00","2.19M","-0.75%"
"09/28/2023","13,350.00","12,500.00","13,350.00","12,400.00","3.90M","6.80%"
"09/27/2023","12,500.00","12,400.00","12,600.00","11,650.00","3.61M","2.46%"
"09/26/2023","12,200.00","13,000.00","13,450.00","12,200.00","3.03M","-6.15%"
"09/25/2023","13,000.00","13,450.00","14,350.00","13,000.00","6.69M","-3.35%"
"09/22/2023","13,450.00","13,600.00","13,700.00","13,000.00","4.22M","-2.89%"
"09/21/2023","13,850.00","13,500.00","14,000.00","13,500.00","4.57M","3.36%"
"09/20/2023","13,400.00","13,000.00","13,500.00","12,900.00","4.08M","4.28%"
"09/19/2023","12,850.00","12,600.00","12,850.00","12,300.00","1.56M","3.63%"
"09/18/2023","12,400.00","13,000.00","13,000.00","12,300.00","1.80M","-4.25%"
"09/15/2023","12,950.00","13,200.00","13,300.00","12,900.00","2.19M","-0.38%"
"09/14/2023","13,000.00","12,900.00","13,150.00","12,700.00","2.51M","1.56%"
"09/13/2023","12,800.00","13,000.00","13,100.00","12,800.00","2.77M","-0.39%"
"09/12/2023","12,850.00","12,600.00","13,000.00","12,600.00","1.81M","1.18%"
"09/11/2023","12,700.00","13,100.00","13,300.00","12,700.00","4.48M","-1.17%"
"09/08/2023","12,850.00","12,350.00","13,000.00","12,300.00","3.42M","5.33%"
"09/07/2023","12,200.00","12,200.00","12,300.00","12,100.00","1.37M","0.41%"
"09/06/2023","12,150.00","12,150.00","12,250.00","12,050.00","1.35M","-0.41%"
"09/05/2023","12,200.00","12,300.00","12,300.00","12,100.00","1.35M","2.09%"
"08/31/2023","11,950.00","11,600.00","12,000.00","11,400.00","1.78M","4.82%"
"08/30/2023","11,400.00","11,550.00","11,550.00","11,350.00","603.10K","0.00%"
"08/29/2023","11,400.00","11,500.00","11,650.00","11,400.00","1.23M","-0.44%"
"08/28/2023","11,450.00","11,500.00","11,600.00","11,350.00","553.70K","0.00%"
"08/25/2023","11,450.00","11,400.00","11,700.00","11,200.00","1.01M","1.78%"
"08/24/2023","11,250.00","11,050.00","11,250.00","11,050.00","537.20K","1.81%"
"08/23/2023","11,050.00","11,500.00","11,500.00","11,050.00","787.80K","-1.78%"
"08/22/2023","11,250.00","11,300.00","11,450.00","10,750.00","1.31M","-0.44%"
"08/21/2023","11,300.00","11,600.00","11,650.00","11,000.00","1.25M","-3.00%"
"08/18/2023","11,650.00","12,400.00","12,450.00","11,650.00","3.45M","-6.80%"
"08/17/2023","12,500.00","12,700.00","12,800.00","12,500.00","1.53M","-1.57%"
"08/16/2023","12,700.00","12,950.00","12,950.00","12,700.00","996.30K","-1.17%"
"08/15/2023","12,850.00","12,800.00","12,900.00","12,750.00","1.32M","0.39%"
"08/14/2023","12,800.00","12,950.00","13,000.00","12,750.00","1.57M","0.00%"
"08/11/2023","12,800.00","12,600.00","12,800.00","12,400.00","1.71M","1.59%"
"08/10/2023","12,600.00","13,000.00","13,000.00","12,600.00","1.65M","-1.95%"
"08/09/2023","12,850.00","13,100.00","13,150.00","12,850.00","1.38M","-1.91%"
"08/08/2023","13,100.00","13,300.00","13,400.00","13,050.00","3.01M","0.77%"
"08/07/2023","13,000.00","12,850.00","13,000.00","12,800.00","3.49M","2.77%"
"08/04/2023","12,650.00","12,650.00","12,750.00","12,550.00","1.77M","0.80%"
"08/03/2023","12,550.00","12,500.00","12,700.00","12,400.00","1.64M","0.40%"
"08/02/2023","12,500.00","12,400.00","12,550.00","12,250.00","1.19M","0.81%"
"08/01/2023","12,400.00","12,600.00","12,700.00","12,350.00","2.13M","-1.20%"
"07/31/2023","12,550.00","12,900.00","12,900.00","12,450.00","2.87M","-1.95%"
"07/28/2023","12,800.00","12,700.00","12,900.00","12,650.00","1.97M","0.79%"
"07/27/2023","12,700.00","12,600.00","12,800.00","12,450.00","4.11M","-0.78%"
"07/26/2023","12,800.00","13,500.00","13,550.00","12,750.00","7.41M","-5.19%"
"07/25/2023","13,500.00","13,800.00","13,850.00","13,400.00","1.88M","-1.46%"
"07/24/2023","13,700.00","13,550.00","13,700.00","13,350.00","3.86M","3.01%"
"07/21/2023","13,300.00","13,200.00","13,350.00","13,050.00","1.67M","1.53%"
"07/20/2023","13,100.00","13,200.00","13,200.00","12,950.00","1.75M","-0.38%"
"07/19/2023","13,150.00","13,300.00","13,600.00","13,150.00","2.66M","-0.75%"
"07/18/2023","13,250.00","13,350.00","13,500.00","13,200.00","1.32M","-0.75%"
"07/17/2023","13,350.00","13,200.00","13,700.00","13,100.00","2.58M","1.52%"
"07/14/2023","13,150.00","13,100.00","13,400.00","13,100.00","2.43M","0.38%"
"07/13/2023","13,100.00","13,250.00","13,250.00","13,050.00","1.68M","0.00%"
"07/12/2023","13,100.00","13,050.00","13,250.00","12,950.00","1.81M","0.77%"
"07/11/2023","13,000.00","13,250.00","13,400.00","13,000.00","3.03M","-1.89%"
"07/10/2023","13,250.00","13,200.00","13,500.00","13,050.00","2.92M","1.15%"
"07/07/2023","13,100.00","12,700.00","13,100.00","12,650.00","1.73M","2.75%"
"07/06/2023","12,750.00","13,000.00","13,100.00","12,650.00","1.66M","-1.92%"
"07/05/2023","13,000.00","12,850.00","13,300.00","12,800.00","3.38M","0.78%"
"07/04/2023","12,900.00","12,900.00","13,100.00","12,750.00","1.75M","0.00%"
"07/03/2023","12,900.00","12,800.00","13,000.00","12,550.00","1.50M","1.98%"
"06/30/2023","12,650.00","12,600.00","12,750.00","12,500.00","1.40M","0.40%"
"06/29/2023","12,600.00","12,850.00","13,350.00","12,600.00","3.79M","-2.70%"
"06/28/2023","12,950.00","13,200.00","13,200.00","12,900.00","1.89M","-1.15%"
"06/27/2023","13,100.00","12,650.00","13,400.00","12,600.00","5.23M","3.97%"
"06/26/2023","12,600.00","12,600.00","12,800.00","12,300.00","2.13M","0.00%"
"06/23/2023","12,600.00","12,550.00","12,700.00","12,450.00","2.05M","0.40%"
"06/22/2023","12,550.00","12,500.00","12,700.00","12,200.00","3.32M","1.21%"
"06/21/2023","12,400.00","12,200.00","12,450.00","12,200.00","1.61M","2.48%"
"06/20/2023","12,100.00","11,850.00","12,100.00","11,850.00","1.13M","2.11%"
"06/19/2023","11,850.00","12,200.00","12,250.00","11,800.00","2.08M","-2.47%"
"06/16/2023","12,150.00","12,500.00","12,650.00","12,100.00","2.20M","-0.82%"
"06/15/2023","12,250.00","12,300.00","12,400.00","12,200.00","1.57M","-0.41%"
"06/14/2023","12,300.00","12,550.00","12,750.00","12,300.00","1.85M","-1.60%"
"06/13/2023","12,500.00","12,550.00","12,650.00","12,400.00","1.61M","-0.40%"
"06/12/2023","12,550.00","12,600.00","12,900.00","12,350.00","2.05M","0.00%"
"06/09/2023","12,550.00","12,400.00","12,550.00","12,200.00","2.86M","1.21%"
"06/08/2023","12,400.00","12,900.00","12,950.00","12,400.00","2.92M","-3.88%"
"06/07/2023","12,900.00","12,750.00","13,300.00","12,450.00","3.75M","1.98%"
"06/06/2023","12,650.00","12,750.00","12,750.00","12,500.00","1.84M","-0.39%"
"06/05/2023","12,700.00","12,300.00","12,700.00","11,900.00","6.19M","6.72%"
"06/02/2023","11,900.00","12,300.00","12,300.00","11,800.00","1.73M","-0.83%"
"06/01/2023","12,000.00","11,600.00","12,150.00","11,500.00","3.99M","4.35%"
"05/31/2023","11,500.00","11,850.00","11,850.00","11,450.00","2.21M","-1.71%"
"05/30/2023","11,700.00","11,550.00","11,950.00","11,500.00","2.56M","2.18%"
"05/29/2023","11,450.00","11,550.00","11,650.00","11,400.00","2.40M","0.00%"
"05/26/2023","11,450.00","11,600.00","11,650.00","11,400.00","1.23M","-0.43%"
"05/25/2023","11,500.00","11,200.00","11,600.00","11,100.00","3.66M","3.14%"
"05/24/2023","11,150.00","11,000.00","11,200.00","10,900.00","1.69M","1.83%"
"05/23/2023","10,950.00","11,250.00","11,300.00","10,950.00","996.90K","-1.79%"
"05/22/2023","11,150.00","11,100.00","11,150.00","10,950.00","952.00K","1.36%"
"05/19/2023","11,000.00","10,800.00","11,050.00","10,800.00","1.03M","1.85%"
"05/18/2023","10,800.00","10,700.00","11,100.00","10,700.00","793.30K","-0.92%"
"05/17/2023","10,900.00","10,900.00","11,300.00","10,850.00","1.14M","0.46%"
"05/16/2023","10,850.00","10,900.00","10,950.00","10,800.00","1.17M","0.00%"
"05/15/2023","10,850.00","11,300.00","11,400.00","10,850.00","2.93M","-3.56%"
"05/12/2023","11,250.00","11,250.00","11,400.00","11,150.00","1.58M","0.45%"
"05/11/2023","11,200.00","11,300.00","11,550.00","11,150.00","2.13M","0.00%"
"05/10/2023","11,200.00","11,650.00","11,800.00","11,150.00","4.35M","-1.75%"
"05/09/2023","11,400.00","11,000.00","11,400.00","10,900.00","2.20M","3.64%"
"05/08/2023","11,000.00","10,950.00","11,150.00","10,850.00","1.40M","0.46%"
"05/05/2023","10,950.00","11,050.00","11,150.00","10,800.00","1.67M","-1.79%"
"05/04/2023","11,150.00","10,700.00","11,400.00","10,700.00","3.05M","4.21%"
"04/28/2023","10,700.00","10,500.00","10,700.00","10,200.00","2.88M","2.39%"
"04/27/2023","10,450.00","10,500.00","10,800.00","10,300.00","1.84M","0.48%"
"04/26/2023","10,400.00","10,300.00","10,700.00","10,300.00","1.81M","1.46%"
"04/25/2023","10,250.00","9,890.00","10,250.00","9,850.00","2.37M","6.66%"
"04/24/2023","9,610.00","9,900.00","9,910.00","9,610.00","847.80K","-2.93%"
"04/21/2023","9,900.00","9,920.00","10,150.00","9,740.00","615.60K","0.00%"
"04/20/2023","9,900.00","9,830.00","9,910.00","9,750.00","660.20K","0.71%"
"04/19/2023","9,830.00","10,000.00","10,050.00","9,800.00","684.80K","-0.71%"
"04/18/2023","9,900.00","10,000.00","10,000.00","9,810.00","623.00K","0.00%"
"04/17/2023","9,900.00","9,860.00","9,990.00","9,830.00","610.40K","1.23%"
"04/14/2023","9,780.00","10,450.00","10,650.00","9,780.00","1.82M","-6.41%"
"04/13/2023","10,450.00","10,800.00","10,900.00","10,450.00","1.63M","-3.24%"
"04/12/2023","10,800.00","10,400.00","10,800.00","10,300.00","3.18M","4.85%"
"04/11/2023","10,300.00","10,000.00","10,400.00","9,970.00","1.41M","3.00%"
"04/10/2023","10,000.00","10,400.00","10,400.00","10,000.00","1.32M","-1.96%"
"04/07/2023","10,200.00","9,890.00","10,300.00","9,810.00","1.49M","4.08%"
"04/06/2023","9,800.00","10,350.00","10,450.00","9,800.00","1.96M","-5.31%"
"04/05/2023","10,350.00","10,200.00","10,350.00","10,000.00","1.65M","1.97%"
"04/04/2023","10,150.00","9,510.00","10,150.00","9,510.00","2.52M","6.84%"
"04/03/2023","9,500.00","9,440.00","9,500.00","9,300.00","865.00K","2.26%"
"03/31/2023","9,290.00","9,280.00","9,340.00","9,250.00","459.60K","-0.32%"
"03/30/2023","9,320.00","9,400.00","9,400.00","9,250.00","499.60K","0.00%"
"03/29/2023","9,320.00","9,420.00","9,500.00","9,280.00","378.50K","-1.06%"
"03/28/2023","9,420.00","9,420.00","9,550.00","9,400.00","365.70K","-0.21%"
"03/27/2023","9,440.00","9,330.00","9,450.00","9,330.00","421.60K","1.29%"
"03/24/2023","9,320.00","9,300.00","9,420.00","9,290.00","275.50K","0.54%"
"03/23/2023","9,270.00","9,280.00","9,360.00","9,200.00","314.40K","-0.32%"
"03/22/2023","9,300.00","9,310.00","9,450.00","9,300.00","221.80K","0.43%"
"03/21/2023","9,260.00","9,310.00","9,460.00","9,200.00","322.60K","0.33%"
"03/20/2023","9,230.00","9,600.00","9,600.00","9,230.00","509.80K","-3.75%"
"03/17/2023","9,590.00","9,720.00","9,740.00","9,550.00","398.20K","-0.62%"
"03/16/2023","9,650.00","9,750.00","9,800.00","9,650.00","462.80K","-2.43%"
"03/15/2023","9,890.00","9,750.00","9,890.00","9,630.00","805.00K","3.89%"
"03/14/2023","9,520.00","9,730.00","9,830.00","9,500.00","592.80K","-2.06%"
"03/13/2023","9,720.00","9,250.00","10,000.00","9,250.00","1.12M","1.89%"
"03/10/2023","9,540.00","9,500.00","9,630.00","9,500.00","341.90K","0.21%"
"03/09/2023","9,520.00","9,900.00","9,900.00","9,500.00","447.30K","0.85%"
"03/08/2023","9,440.00","9,120.00","9,440.00","9,090.00","383.20K","1.83%"
"03/07/2023","9,270.00","9,440.00","9,440.00","9,230.00","429.00K","-0.32%"
"03/06/2023","9,300.00","9,410.00","9,600.00","9,300.00","469.40K","-0.64%"
"03/03/2023","9,360.00","9,750.00","9,800.00","9,360.00","512.50K","-4.00%"
"03/02/2023","9,750.00","9,650.00","9,920.00","9,630.00","607.60K","1.04%"
"03/01/2023","9,650.00","9,000.00","9,650.00","8,900.00","1.08M","6.98%"
"02/28/2023","9,020.00","9,340.00","9,350.00","9,000.00","554.90K","-1.10%"
"02/27/2023","9,120.00","9,350.00","9,550.00","9,120.00","468.70K","-4.10%"
"02/24/2023","9,510.00","9,550.00","9,750.00","9,500.00","360.60K","0.11%"
"02/23/2023","9,500.00","9,500.00","9,740.00","9,330.00","711.90K","-0.52%"
"02/22/2023","9,550.00","9,900.00","10,000.00","9,550.00","900.70K","-5.45%"
"02/21/2023","10,100.00","10,250.00","10,600.00","10,050.00","965.60K","-1.46%"
"02/20/2023","10,250.00","9,800.00","10,250.00","9,620.00","1.23M","6.22%"
"02/17/2023","9,650.00","9,810.00","9,810.00","9,580.00","439.50K","-1.53%"
"02/16/2023","9,800.00","9,300.00","9,900.00","9,300.00","635.30K","5.49%"
"02/15/2023","9,290.00","9,010.00","9,400.00","9,010.00","503.80K","2.09%"
"02/14/2023","9,100.00","9,100.00","9,200.00","8,950.00","517.20K","0.00%"
"02/13/2023","9,100.00","9,650.00","9,660.00","9,100.00","1.29M","-6.95%"
"02/10/2023","9,780.00","10,000.00","10,000.00","9,760.00","568.70K","-2.20%"
"02/09/2023","10,000.00","10,000.00","10,150.00","9,940.00","553.70K","0.00%"
"02/08/2023","10,000.00","10,300.00","10,300.00","9,450.00","1.07M","0.70%"
"02/07/2023","9,930.00","10,650.00","10,750.00","9,930.00","1.51M","-6.76%"
"02/06/2023","10,650.00","10,450.00","10,900.00","10,250.00","601.10K","0.47%"
"02/03/2023","10,600.00","10,700.00","10,700.00","10,300.00","759.70K","1.92%"
"02/02/2023","10,400.00","10,850.00","11,150.00","10,300.00","1.75M","-5.02%"
"02/01/2023","10,950.00","12,150.00","12,150.00","10,950.00","2.25M","-6.81%"
"01/31/2023","11,750.00","11,150.00","11,750.00","10,850.00","3.12M","6.82%"
"01/30/2023","11,000.00","10,800.00","11,300.00","10,650.00","2.98M","1.38%"
"01/27/2023","10,850.00","10,950.00","11,000.00","10,700.00","933.80K","-0.46%"
"01/19/2023","10,900.00","10,850.00","11,000.00","10,700.00","835.50K","1.40%"
"01/18/2023","10,750.00","10,700.00","10,800.00","10,550.00","706.90K","2.38%"
"01/17/2023","10,500.00","10,100.00","10,550.00","10,100.00","907.00K","3.45%"
"01/16/2023","10,150.00","10,300.00","10,350.00","10,100.00","824.10K","-1.46%"
"01/13/2023","10,300.00","10,450.00","10,600.00","10,300.00","725.00K","-1.90%"
"01/12/2023","10,500.00","10,650.00","10,700.00","10,300.00","946.70K","0.00%"
"01/11/2023","10,500.00","10,650.00","10,850.00","10,500.00","1.03M","-1.41%"
"01/10/2023","10,650.00","10,500.00","10,750.00","10,250.00","941.90K","0.00%"
"01/09/2023","10,650.00","10,950.00","11,050.00","10,650.00","1.01M","-2.29%"
"01/06/2023","10,900.00","11,600.00","11,750.00","10,750.00","3.93M","-5.63%"
"01/05/2023","11,550.00","11,950.00","12,000.00","11,400.00","1.08M","-3.35%"
"01/04/2023","11,950.00","11,600.00","12,400.00","11,200.00","4.88M","1.27%"
"01/03/2023","11,800.00","12,000.00","12,150.00","11,600.00","1.75M","0.85%"
"12/30/2022","11,700.00","11,700.00","12,150.00","11,400.00","1.01M","0.00%"
"12/29/2022","11,700.00","11,800.00","11,800.00","11,100.00","750.80K","1.74%"
"12/28/2022","11,500.00","10,600.00","11,500.00","10,400.00","2.01M","6.98%"
"12/27/2022","10,750.00","10,350.00","10,750.00","10,050.00","657.40K","3.86%"
"12/26/2022","10,350.00","10,950.00","10,950.00","10,100.00","615.10K","-4.61%"
"12/23/2022","10,850.00","10,800.00","10,900.00","10,300.00","365.50K","2.36%"
"12/22/2022","10,600.00","10,600.00","10,950.00","10,200.00","530.70K","-0.47%"
"12/21/2022","10,650.00","11,300.00","11,600.00","10,500.00","1.33M","-5.33%"
"12/20/2022","11,250.00","11,500.00","11,850.00","10,900.00","1.14M","-3.85%"
"12/19/2022","11,700.00","11,500.00","12,300.00","11,500.00","1.13M","0.43%"
"12/16/2022","11,650.00","11,200.00","12,050.00","11,200.00","771.40K","-0.43%"
"12/15/2022","11,700.00","12,000.00","12,000.00","11,350.00","952.60K","-3.31%"
"12/14/2022","12,100.00","12,450.00","12,450.00","11,600.00","876.40K","-0.82%"
"12/13/2022","12,200.00","12,400.00","12,400.00","11,750.00","1.02M","2.95%"
"12/12/2022","11,850.00","11,100.00","12,050.00","11,100.00","2.03M","4.87%"
"12/09/2022","11,300.00","11,500.00","11,500.00","10,950.00","814.40K","-1.74%"
"12/08/2022","11,500.00","11,800.00","12,100.00","10,950.00","1.32M","0.00%"
"12/07/2022","11,500.00","11,350.00","12,150.00","10,850.00","2.29M","-1.29%"
"12/06/2022","11,650.00","11,500.00","12,300.00","11,300.00","2.33M","1.30%"
"12/05/2022","11,500.00","11,500.00","11,500.00","11,100.00","1.48M","6.98%"
"12/02/2022","10,750.00","10,500.00","10,750.00","9,900.00","1.81M","6.97%"
"12/01/2022","10,050.00","10,050.00","10,050.00","9,600.00","1.55M","6.80%"
"11/30/2022","9,410.00","9,410.00","9,410.00","9,410.00","237.60K","6.93%"
"11/29/2022","8,800.00","8,800.00","8,800.00","8,720.00","1.24M","6.93%"
"11/28/2022","8,230.00","8,230.00","8,230.00","8,230.00","226.20K","6.88%"
"11/25/2022","7,700.00","7,430.00","7,700.00","7,190.00","878.20K","6.94%"
"11/24/2022","7,200.00","7,000.00","7,330.00","6,960.00","373.50K","-1.77%"
"11/23/2022","7,330.00","7,300.00","7,700.00","7,300.00","518.30K","-3.55%"
"11/22/2022","7,600.00","7,500.00","7,970.00","7,460.00","957.10K","1.47%"
"11/21/2022","7,490.00","7,100.00","7,490.00","7,100.00","569.50K","7.00%"
"11/18/2022","7,000.00","7,000.00","7,000.00","6,580.00","715.50K","0.00%"
"11/17/2022","7,000.00","6,850.00","7,010.00","6,750.00","592.90K","5.90%"
"11/16/2022","6,610.00","5,750.00","6,610.00","5,750.00","1.26M","6.96%"
"11/15/2022","6,180.00","6,180.00","6,180.00","6,180.00","187.80K","-6.93%"
"11/14/2022","6,640.00","6,710.00","7,000.00","6,640.00","276.00K","-6.87%"
"11/11/2022","7,130.00","7,660.00","7,900.00","7,130.00","1.13M","-6.92%"
"11/10/2022","7,660.00","8,020.00","8,020.00","7,660.00","445.10K","-6.93%"
"11/09/2022","8,230.00","8,290.00","8,490.00","8,120.00","397.30K","0.00%"
"11/08/2022","8,230.00","8,270.00","8,520.00","8,230.00","683.90K","-6.90%"
"11/07/2022","8,840.00","9,510.00","9,670.00","8,840.00","506.90K","-6.95%"
"11/04/2022","9,500.00","10,100.00","10,100.00","9,410.00","421.80K","-5.47%"
"11/03/2022","10,050.00","10,300.00","10,300.00","9,990.00","455.90K","-2.90%"
"11/02/2022","10,350.00","10,450.00","10,500.00","10,150.00","400.50K","0.49%"
"11/01/2022","10,300.00","10,500.00","10,500.00","10,300.00","367.60K","-0.96%"
"10/31/2022","10,400.00","10,350.00","10,500.00","10,000.00","518.30K","0.48%"
"10/28/2022","10,350.00","10,800.00","10,800.00","10,300.00","417.90K","-1.43%"
"10/27/2022","10,500.00","9,960.00","10,500.00","9,960.00","492.30K","4.48%"
"10/26/2022","10,050.00","10,900.00","10,900.00","9,990.00","355.80K","-4.29%"
"10/25/2022","10,500.00","10,500.00","11,200.00","10,100.00","1.01M","-3.23%"
"10/24/2022","10,850.00","11,950.00","11,950.00","10,850.00","638.10K","-6.87%"
"10/21/2022","11,650.00","12,550.00","12,550.00","11,650.00","1.08M","-6.80%"
"10/20/2022","12,500.00","12,250.00","12,650.00","12,200.00","764.60K","0.81%"
"10/19/2022","12,400.00","12,000.00","12,450.00","11,950.00","826.80K","3.77%"
"10/18/2022","11,950.00","11,900.00","12,050.00","11,600.00","718.90K","4.37%"
"10/17/2022","11,450.00","11,500.00","11,500.00","11,200.00","319.70K","-0.87%"
"10/14/2022","11,550.00","11,400.00","11,600.00","11,300.00","457.30K","2.67%"
"10/13/2022","11,250.00","11,650.00","11,700.00","11,200.00","258.90K","-2.17%"
"10/12/2022","11,500.00","11,000.00","12,000.00","11,000.00","664.60K","-1.29%"
"10/11/2022","11,650.00","12,100.00","12,250.00","11,650.00","703.70K","-6.80%"
"10/10/2022","12,500.00","12,200.00","12,600.00","11,600.00","541.30K","0.81%"
"10/07/2022","12,400.00","12,350.00","13,000.00","12,000.00","788.40K","-3.88%"
"10/06/2022","12,900.00","13,500.00","13,500.00","12,500.00","476.20K","-3.37%"
"10/05/2022","13,350.00","13,400.00","13,400.00","13,000.00","399.40K","3.09%"
"10/04/2022","12,950.00","13,400.00","13,400.00","12,200.00","614.50K","0.39%"
"10/03/2022","12,900.00","13,850.00","14,000.00","12,900.00","690.30K","-6.86%"
"09/30/2022","13,850.00","14,200.00","14,200.00","13,300.00","1.10M","-3.15%"
"09/29/2022","14,300.00","14,500.00","14,700.00","14,100.00","358.70K","0.00%"
"09/28/2022","14,300.00","14,600.00","14,600.00","14,000.00","453.90K","-1.38%"
"09/27/2022","14,500.00","14,700.00","14,700.00","14,250.00","445.80K","-1.36%"
"09/26/2022","14,700.00","14,800.00","14,900.00","14,100.00","1.22M","-2.97%"
"09/23/2022","15,150.00","15,200.00","15,300.00","15,000.00","378.70K","0.00%"
"09/22/2022","15,150.00","14,200.00","15,150.00","14,200.00","669.30K","4.12%"
"09/21/2022","14,550.00","14,600.00","14,600.00","14,300.00","298.00K","0.34%"
"09/20/2022","14,500.00","14,400.00","14,650.00","14,100.00","698.70K","2.11%"
"09/19/2022","14,200.00","15,200.00","15,200.00","14,200.00","1.20M","-6.58%"
"09/16/2022","15,200.00","14,700.00","15,800.00","14,700.00","961.20K","-3.80%"
"09/15/2022","15,800.00","15,900.00","15,900.00","15,600.00","552.00K","0.96%"
"09/14/2022","15,650.00","15,250.00","15,650.00","15,250.00","677.30K","-0.63%"
"09/13/2022","15,750.00","15,650.00","15,900.00","15,600.00","493.10K","0.64%"
"09/12/2022","15,650.00","15,750.00","16,200.00","15,650.00","591.60K","-0.63%"
"09/09/2022","15,750.00","15,600.00","15,900.00","15,450.00","915.90K","1.61%"
"09/08/2022","15,500.00","16,000.00","16,200.00","15,500.00","1.14M","-3.13%"
"09/07/2022","16,000.00","16,800.00","16,950.00","15,950.00","2.17M","-4.76%"
"09/06/2022","16,800.00","17,200.00","17,300.00","16,800.00","781.70K","-1.18%"
"09/05/2022","17,000.00","16,550.00","17,400.00","16,550.00","857.90K","1.19%"
"08/31/2022","16,800.00","16,800.00","17,000.00","16,600.00","824.50K","0.00%"
"08/30/2022","16,800.00","17,100.00","17,400.00","16,800.00","643.70K","-1.18%"
"08/29/2022","17,000.00","16,800.00","17,050.00","16,200.00","2.05M","-1.16%"
"08/26/2022","17,200.00","17,550.00","17,800.00","17,100.00","1.23M","-2.27%"
"08/25/2022","17,600.00","17,350.00","17,700.00","17,250.00","1.22M","1.15%"
"08/24/2022","17,400.00","17,500.00","17,750.00","17,250.00","1.22M","-0.57%"
"08/23/2022","17,500.00","16,750.00","17,500.00","16,750.00","1.95M","2.04%"
"08/22/2022","17,150.00","18,300.00","18,350.00","17,150.00","3.64M","-6.79%"
"08/19/2022","18,400.00","18,300.00","18,900.00","17,900.00","2.13M","0.55%"
"08/18/2022","18,300.00","18,550.00","18,600.00","18,250.00","1.14M","-1.61%"
"08/17/2022","18,600.00","19,200.00","19,200.00","18,550.00","1.83M","-2.11%"
"08/16/2022","19,000.00","18,200.00","19,200.00","17,850.00","5.07M","4.40%"
"08/15/2022","18,200.00","18,100.00","18,600.00","18,100.00","1.77M","1.11%"
"08/12/2022","18,000.00","18,000.00","18,150.00","17,650.00","1.62M","0.00%"
"08/11/2022","18,000.00","18,300.00","18,350.00","17,800.00","1.98M","0.00%"
"08/10/2022","18,000.00","18,400.00","18,500.00","18,000.00","2.05M","-2.17%"
"08/09/2022","18,400.00","18,500.00","19,350.00","18,400.00","4.82M","-0.27%"
"08/08/2022","18,450.00","18,150.00","18,700.00","17,850.00","2.45M","1.65%"
"08/05/2022","18,150.00","17,500.00","18,300.00","17,500.00","1.95M","3.42%"
"08/04/2022","17,550.00","17,800.00","18,100.00","17,500.00","1.47M","-2.23%"
"08/03/2022","17,950.00","17,100.00","18,100.00","17,000.00","2.46M","4.97%"
"08/02/2022","17,100.00","16,950.00","17,300.00","16,650.00","972.50K","2.70%"
"08/01/2022","16,650.00","17,100.00","17,350.00","16,500.00","2.56M","-2.35%"
"07/29/2022","17,050.00","17,300.00","17,700.00","17,000.00","1.20M","0.29%"
"07/28/2022","17,000.00","17,200.00","17,400.00","16,950.00","994.50K","0.89%"
"07/27/2022","16,850.00","16,200.00","16,850.00","16,100.00","1.93M","2.74%"
"07/26/2022","16,400.00","17,550.00","17,950.00","16,400.00","1.57M","-6.82%"
"07/25/2022","17,600.00","17,600.00","17,800.00","17,000.00","822.40K","-1.12%"
"07/22/2022","17,800.00","18,400.00","18,500.00","17,800.00","1.59M","-2.73%"
"07/21/2022","18,300.00","18,350.00","18,900.00","18,000.00","995.50K","0.00%"
"07/20/2022","18,300.00","18,650.00","18,900.00","18,250.00","2.01M","0.00%"
"07/19/2022","18,300.00","17,650.00","18,500.00","17,650.00","1.78M","2.81%"
"07/18/2022","17,800.00","17,900.00","18,250.00","17,700.00","1.14M","0.00%"
"07/15/2022","17,800.00","17,650.00","18,400.00","17,600.00","1.48M","1.42%"
"07/14/2022","17,550.00","18,200.00","18,700.00","17,400.00","2.33M","-2.77%"
"07/13/2022","18,050.00","18,050.00","18,050.00","17,650.00","5.34M","6.80%"
"07/12/2022","16,900.00","15,500.00","16,900.00","15,500.00","1.24M","6.96%"
"07/11/2022","15,800.00","15,500.00","16,300.00","14,950.00","1.03M","1.28%"
"07/08/2022","15,600.00","15,350.00","15,650.00","15,150.00","589.80K","4.70%"
"07/07/2022","14,900.00","15,500.00","15,900.00","14,800.00","1.65M","-4.18%"
"07/06/2022","15,550.00","16,100.00","16,650.00","15,550.00","3.39M","-6.89%"
"07/05/2022","16,700.00","17,950.00","18,100.00","16,700.00","2.98M","-6.96%"
"07/04/2022","17,950.00","18,300.00","18,800.00","17,800.00","1.80M","-1.10%"
"07/01/2022","18,150.00","17,100.00","18,300.00","16,700.00","3.28M","4.91%"
"06/30/2022","17,300.00","18,650.00","18,650.00","17,300.00","1.41M","-5.46%"
"06/29/2022","18,300.00","17,100.00","18,350.00","17,100.00","2.56M","4.87%"
"06/28/2022","17,450.00","17,800.00","17,800.00","17,000.00","5.77M","4.80%"
"06/27/2022","16,650.00","15,600.00","16,650.00","15,600.00","2.01M","6.73%"
"06/24/2022","15,600.00","16,000.00","16,350.00","15,500.00","1.07M","1.30%"
"06/23/2022","15,400.00","14,100.00","15,400.00","14,100.00","1.47M","6.94%"
"06/22/2022","14,400.00","14,300.00","14,800.00","14,200.00","950.40K","-0.35%"
"06/21/2022","14,450.00","14,550.00","15,200.00","14,200.00","1.04M","-3.67%"
"06/20/2022","15,000.00","15,300.00","15,650.00","14,500.00","1.50M","-0.66%"
"06/17/2022","15,100.00","14,150.00","15,100.00","14,150.00","2.61M","6.71%"
"06/16/2022","14,150.00","13,600.00","14,150.00","13,600.00","703.40K","6.79%"
"06/15/2022","13,250.00","14,200.00","14,300.00","13,250.00","1.46M","-6.69%"
"06/14/2022","14,200.00","13,750.00","14,900.00","13,750.00","819.90K","-2.41%"
"06/13/2022","14,550.00","14,600.00","15,200.00","14,550.00","2.29M","-6.73%"
"06/10/2022","15,600.00","16,400.00","16,400.00","15,600.00","1.39M","-5.74%"
"06/09/2022","16,550.00","16,200.00","16,550.00","16,150.00","994.20K","0.61%"
"06/08/2022","16,450.00","16,750.00","17,100.00","16,450.00","1.67M","-1.20%"
"06/07/2022","16,650.00","16,100.00","16,650.00","15,700.00","1.51M","2.46%"
"06/06/2022","16,250.00","16,100.00","17,000.00","15,800.00","1.96M","0.31%"
"06/03/2022","16,200.00","16,200.00","16,500.00","15,800.00","1.28M","0.00%"
"06/02/2022","16,200.00","16,800.00","16,900.00","16,050.00","1.99M","-2.41%"
"06/01/2022","16,600.00","15,700.00","16,600.00","15,300.00","2.01M","6.75%"
"05/31/2022","15,550.00","15,800.00","15,950.00","15,400.00","1.14M","-1.58%"
"05/30/2022","15,800.00","15,500.00","16,000.00","15,200.00","1.61M","1.61%"
"05/27/2022","15,550.00","15,700.00","16,000.00","15,500.00","1.07M","-1.27%"
"05/26/2022","15,750.00","16,200.00","16,200.00","15,500.00","1.78M","2.94%"
"05/25/2022","15,300.00","14,500.00","15,300.00","14,500.00","1.46M","6.99%"
"05/24/2022","14,300.00","13,850.00","14,300.00","13,750.00","829.60K","3.25%"
"05/23/2022","13,850.00","14,200.00","14,300.00","13,750.00","874.40K","-0.36%"
"05/20/2022","13,900.00","14,300.00","14,400.00","13,850.00","1.06M","-1.42%"
"05/19/2022","14,100.00","13,750.00","14,450.00","13,500.00","700.80K","0.00%"
"05/18/2022","14,100.00","14,450.00","14,750.00","14,000.00","832.90K","-0.35%"
"05/17/2022","14,150.00","13,200.00","14,150.00","12,500.00","1.28M","6.79%"
"05/16/2022","13,250.00","14,350.00","14,600.00","13,000.00","1.18M","-3.99%"
"05/13/2022","13,800.00","14,700.00","15,200.00","13,800.00","1.71M","-6.76%"
"05/12/2022","14,800.00","15,800.00","16,200.00","14,800.00","1.00M","-6.92%"
"05/11/2022","15,900.00","16,200.00","16,300.00","15,600.00","732.20K","0.00%"
"05/10/2022","15,900.00","14,500.00","15,900.00","14,300.00","2.08M","3.58%"
"05/09/2022","15,350.00","15,900.00","16,250.00","15,350.00","1.27M","-6.97%"
"05/06/2022","16,500.00","16,000.00","17,250.00","16,000.00","1.07M","-0.90%"
"05/05/2022","16,650.00","17,800.00","17,800.00","16,300.00","1.44M","-4.03%"
"05/04/2022","17,350.00","17,000.00","17,750.00","16,600.00","1.86M","3.27%"
"04/29/2022","16,800.00","16,200.00","17,000.00","15,900.00","1.27M","2.75%"
"04/28/2022","16,350.00","16,300.00","16,950.00","16,150.00","1.36M","0.00%"
"04/27/2022","16,350.00","15,450.00","16,550.00","15,000.00","1.15M","5.14%"
"04/26/2022","15,550.00","14,550.00","15,550.00","13,550.00","1.69M","6.87%"
"04/25/2022","14,550.00","15,900.00","16,200.00","14,550.00","2.20M","-6.73%"
"04/22/2022","15,600.00","15,300.00","16,250.00","15,000.00","2.35M","2.63%"
"04/21/2022","15,200.00","14,950.00","16,300.00","14,750.00","2.68M","-4.10%"
"04/20/2022","15,850.00","17,000.00","17,000.00","15,850.00","2.23M","-6.76%"
"04/19/2022","17,000.00","17,600.00","18,500.00","16,700.00","2.20M","-4.23%"
"04/18/2022","17,750.00","18,950.00","18,950.00","17,750.00","2.27M","-6.82%"
"04/15/2022","19,050.00","19,050.00","19,800.00","19,000.00","1.23M","-1.55%"
"04/14/2022","19,350.00","19,700.00","19,750.00","19,250.00","1.53M","-0.26%"
"04/13/2022","19,400.00","18,700.00","19,500.00","17,900.00","1.89M","4.30%"
"04/12/2022","18,600.00","20,000.00","20,600.00","18,600.00","1.74M","-7.00%"
"04/08/2022","20,000.00","19,900.00","20,750.00","19,700.00","1.95M","0.00%"
"04/07/2022","20,000.00","21,000.00","21,400.00","19,850.00","5.55M","-4.76%"
"04/06/2022","21,000.00","22,500.00","22,750.00","21,000.00","3.54M","-6.67%"
"04/05/2022","22,500.00","22,300.00","23,200.00","22,000.00","2.38M","0.90%"
"04/04/2022","22,300.00","23,000.00","23,500.00","22,300.00","3.03M","-1.98%"
"04/01/2022","22,750.00","22,400.00","23,200.00","22,000.00","3.44M","-0.44%"
"03/31/2022","22,850.00","23,000.00","23,850.00","22,550.00","3.26M","-1.51%"
"03/30/2022","23,200.00","22,600.00","23,900.00","22,000.00","8.34M","3.80%"
"03/29/2022","22,350.00","21,000.00","22,350.00","21,000.00","5.76M","6.94%"
"03/28/2022","20,900.00","20,350.00","21,500.00","20,300.00","2.81M","-1.18%"
"03/25/2022","21,150.00","21,900.00","22,350.00","21,050.00","3.68M","-3.42%"
"03/24/2022","21,900.00","21,300.00","22,400.00","21,150.00","3.53M","2.34%"
"03/23/2022","21,400.00","21,500.00","22,200.00","21,400.00","2.96M","-0.47%"
"03/22/2022","21,500.00","21,250.00","22,000.00","21,000.00","3.17M","2.38%"
"03/21/2022","21,000.00","21,000.00","21,450.00","21,000.00","2.30M","1.69%"
"03/18/2022","20,650.00","20,500.00","20,950.00","20,300.00","2.14M","1.72%"
"03/17/2022","20,300.00","20,800.00","20,850.00","20,100.00","1.86M","-1.69%"
"03/16/2022","20,650.00","21,000.00","21,450.00","20,650.00","1.49M","-0.72%"
"03/15/2022","20,800.00","20,450.00","21,100.00","19,300.00","2.98M","1.71%"
"03/14/2022","20,450.00","21,150.00","21,950.00","20,450.00","5.46M","-6.83%"
"03/11/2022","21,950.00","22,000.00","22,700.00","21,600.00","3.42M","-0.23%"
"03/10/2022","22,000.00","23,300.00","23,300.00","21,900.00","3.08M","-2.22%"
"03/09/2022","22,500.00","20,900.00","22,500.00","19,600.00","10.16M","6.89%"
"03/08/2022","21,050.00","21,800.00","22,500.00","21,050.00","4.52M","-6.86%"
"03/07/2022","22,600.00","21,900.00","23,000.00","21,050.00","3.67M","3.43%"
"03/04/2022","21,850.00","22,200.00","22,200.00","21,150.00","9.77M","5.30%"
"03/03/2022","20,750.00","19,500.00","20,750.00","19,400.00","4.58M","6.96%"
"03/02/2022","19,400.00","19,850.00","20,150.00","19,250.00","3.18M","0.26%"
"03/01/2022","19,350.00","18,500.00","19,350.00","18,400.00","3.89M","6.91%"
"02/28/2022","18,100.00","17,550.00","18,100.00","17,550.00","1.28M","3.72%"
"02/25/2022","17,450.00","17,650.00","18,000.00","17,450.00","1.18M","0.58%"
"02/24/2022","17,350.00","18,200.00","18,350.00","16,950.00","2.03M","-4.67%"
"02/23/2022","18,200.00","17,900.00","18,400.00","17,900.00","1.18M","2.82%"
"02/22/2022","17,700.00","18,000.00","18,200.00","17,500.00","1.86M","-4.07%"
"02/21/2022","18,450.00","18,900.00","18,900.00","18,350.00","1.43M","-0.81%"
"02/18/2022","18,600.00","18,200.00","18,800.00","18,200.00","1.44M","1.09%"
"02/17/2022","18,400.00","17,800.00","18,900.00","17,450.00","2.33M","2.79%"
"02/16/2022","17,900.00","17,800.00","18,300.00","17,600.00","745.30K","1.13%"
"02/15/2022","17,700.00","18,100.00","18,100.00","17,500.00","617.20K","-2.48%"
"02/14/2022","18,150.00","16,800.00","18,250.00","16,500.00","2.73M","6.14%"
"02/11/2022","17,100.00","17,000.00","17,500.00","16,600.00","829.50K","0.59%"
"02/10/2022","17,000.00","17,200.00","17,400.00","16,900.00","971.60K","-2.30%"
"02/09/2022","17,400.00","17,200.00","17,800.00","17,100.00","2.20M","4.50%"
"02/08/2022","16,650.00","16,600.00","16,650.00","16,000.00","843.70K","6.73%"
"02/07/2022","15,600.00","15,500.00","15,600.00","15,050.00","326.70K","6.85%"
"01/28/2022","14,600.00","14,450.00","14,850.00","14,350.00","470.90K","0.00%"
"01/27/2022","14,600.00","14,900.00","15,100.00","14,550.00","404.20K","-3.31%"
"01/26/2022","15,100.00","15,500.00","15,900.00","15,100.00","538.70K","-0.66%"
"01/25/2022","15,200.00","14,950.00","15,350.00","14,450.00","608.60K","0.66%"
"01/24/2022","15,100.00","16,100.00","16,250.00","14,900.00","1.68M","-0.66%"
"01/21/2022","15,200.00","15,000.00","15,200.00","14,800.00","474.70K","6.67%"
"01/20/2022","14,250.00","13,350.00","14,250.00","13,350.00","401.00K","6.74%"
"01/19/2022","13,350.00","13,100.00","13,950.00","13,100.00","1.08M","-4.30%"
"01/18/2022","13,950.00","14,000.00","14,900.00","13,950.00","1.30M","-6.69%"
"01/17/2022","14,950.00","16,500.00","16,500.00","14,950.00","1.74M","-6.85%"
"01/14/2022","16,050.00","15,600.00","16,500.00","15,550.00","1.36M","-3.89%"
"01/13/2022","16,700.00","17,800.00","17,800.00","16,650.00","1.14M","-2.91%"
"01/12/2022","17,200.00","17,800.00","18,000.00","16,750.00","2.05M","-4.44%"
"01/11/2022","18,000.00","18,400.00","18,500.00","18,000.00","1.20M","-2.17%"
"01/10/2022","18,400.00","19,200.00","19,250.00","18,400.00","1.89M","-3.16%"
"01/07/2022","19,000.00","18,500.00","19,200.00","18,500.00","1.54M","2.70%"
"01/06/2022","18,500.00","18,900.00","18,900.00","18,450.00","1.99M","-2.12%"
"01/05/2022","18,900.00","19,300.00","19,500.00","18,900.00","1.70M","-0.79%"
"01/04/2022","19,050.00","19,400.00","19,400.00","18,900.00","1.16M","0.26%"
"12/31/2021","19,000.00","18,950.00","19,200.00","18,700.00","993.90K","1.60%"
"12/30/2021","18,700.00","18,450.00","19,200.00","18,450.00","904.80K","0.54%"
"12/29/2021","18,600.00","18,550.00","18,900.00","18,300.00","1.16M","0.00%"
"12/28/2021","18,600.00","18,800.00","18,950.00","18,400.00","1.39M","-1.06%"
"12/27/2021","18,800.00","18,900.00","19,450.00","18,800.00","803.70K","-0.53%"
"12/24/2021","18,900.00","18,750.00","19,300.00","18,650.00","824.10K","0.80%"
"12/23/2021","18,750.00","19,300.00","19,350.00","18,350.00","2.09M","-3.35%"
"12/22/2021","19,400.00","19,600.00","19,950.00","19,300.00","1.53M","0.00%"
"12/21/2021","19,400.00","19,500.00","20,000.00","19,100.00","2.17M","-2.27%"
"12/20/2021","19,850.00","20,050.00","20,500.00","19,200.00","1.73M","-0.75%"
"12/17/2021","20,000.00","20,950.00","20,950.00","19,900.00","2.24M","-5.21%"
"12/16/2021","21,100.00","22,100.00","22,100.00","21,000.00","3.91M","1.93%"
"12/15/2021","20,700.00","19,750.00","20,700.00","19,500.00","2.11M","6.98%"
"12/14/2021","19,350.00","18,450.00","19,500.00","18,450.00","2.02M","4.88%"
"12/13/2021","18,450.00","18,500.00","18,700.00","18,350.00","1.08M","0.27%"
"12/10/2021","18,400.00","18,700.00","19,000.00","18,300.00","977.30K","-1.34%"
"12/09/2021","18,650.00","18,150.00","19,000.00","18,150.00","773.60K","2.47%"
"12/08/2021","18,200.00","18,300.00","18,500.00","18,150.00","856.60K","-0.55%"
"12/07/2021","18,300.00","18,000.00","18,400.00","17,750.00","1.21M","3.10%"
"12/06/2021","17,750.00","19,000.00","19,300.00","17,700.00","1.95M","-6.58%"
"12/03/2021","19,000.00","19,800.00","19,800.00","19,000.00","1.41M","-3.80%"
"12/02/2021","19,750.00","19,450.00","20,000.00","19,400.00","1.21M","1.28%"
"12/01/2021","19,500.00","19,500.00","19,900.00","19,300.00","1.17M","0.78%"
"11/30/2021","19,350.00","19,600.00","20,000.00","19,200.00","1.49M","-0.51%"
"11/29/2021","19,450.00","18,300.00","20,500.00","18,300.00","2.00M","0.26%"
"11/26/2021","19,400.00","19,600.00","20,000.00","19,400.00","1.52M","-2.51%"
"11/25/2021","19,900.00","20,100.00","20,400.00","19,400.00","1.32M","0.25%"
"11/24/2021","19,850.00","21,300.00","21,450.00","19,850.00","1.46M","-3.87%"
"11/23/2021","20,650.00","18,200.00","20,650.00","18,200.00","2.42M","6.99%"
"11/22/2021","19,300.00","19,800.00","20,700.00","19,300.00","3.88M","-6.76%"
"11/19/2021","20,700.00","21,700.00","21,950.00","20,600.00","6.27M","-6.55%"
"11/18/2021","22,150.00","22,550.00","22,550.00","22,100.00","2.27M","-1.99%"
"11/17/2021","22,600.00","23,100.00","23,750.00","22,600.00","2.98M","-1.74%"
"11/16/2021","23,000.00","21,900.00","23,500.00","21,600.00","5.18M","3.84%"
"11/15/2021","22,150.00","23,000.00","23,000.00","22,100.00","2.95M","-2.21%"
"11/12/2021","22,650.00","22,350.00","23,000.00","22,000.00","3.83M","0.89%"
"11/11/2021","22,450.00","22,900.00","23,300.00","22,450.00","3.68M","-1.97%"
"11/10/2021","22,900.00","23,500.00","23,500.00","22,900.00","2.50M","-1.93%"
"11/09/2021","23,350.00","23,000.00","24,000.00","22,500.00","2.86M","2.41%"
"11/08/2021","22,800.00","23,500.00","23,500.00","22,650.00","2.52M","-0.65%"
"11/05/2021","22,950.00","22,600.00","23,000.00","22,100.00","4.03M","1.55%"
"11/04/2021","22,600.00","22,250.00","23,500.00","22,250.00","2.94M","-2.59%"
"11/03/2021","23,200.00","25,000.00","25,300.00","23,200.00","5.68M","-6.83%"
"11/02/2021","24,900.00","23,700.00","25,350.00","23,150.00","6.06M","3.32%"
"11/01/2021","24,100.00","24,800.00","25,100.00","24,000.00","4.51M","-3.60%"
"10/29/2021","25,000.00","25,300.00","26,500.00","24,900.00","4.27M","-1.19%"
"10/28/2021","25,300.00","24,350.00","26,000.00","23,900.00","5.36M","3.90%"
"10/27/2021","24,350.00","24,350.00","24,350.00","23,550.00","6.97M","6.80%"
"10/26/2021","22,800.00","21,600.00","22,800.00","21,600.00","3.90M","6.79%"
"10/25/2021","21,350.00","21,850.00","22,000.00","21,200.00","2.16M","-2.29%"
"10/22/2021","21,850.00","22,200.00","22,200.00","21,650.00","1.85M","-1.13%"
"10/21/2021","22,100.00","22,450.00","22,450.00","21,950.00","1.56M","-0.90%"
"10/20/2021","22,300.00","22,450.00","22,500.00","21,650.00","2.79M","0.22%"
"10/19/2021","22,250.00","22,600.00","22,700.00","22,000.00","1.36M","-0.67%"
"10/18/2021","22,400.00","22,000.00","22,850.00","21,700.00","2.93M","1.82%"
"10/15/2021","22,000.00","22,000.00","22,100.00","21,700.00","2.48M","-0.68%"
"10/14/2021","22,150.00","22,050.00","22,600.00","21,650.00","2.14M","0.68%"
"10/13/2021","22,000.00","21,100.00","22,100.00","20,850.00","2.47M","3.53%"
"10/12/2021","21,250.00","21,100.00","21,550.00","21,100.00","3.22M","-1.85%"
"10/11/2021","21,650.00","22,650.00","22,750.00","21,600.00","2.80M","-4.20%"
"10/08/2021","22,600.00","21,850.00","23,000.00","21,650.00","4.98M","4.39%"
"10/07/2021","21,650.00","20,750.00","21,700.00","20,700.00","2.70M","4.59%"
"10/06/2021","20,700.00","20,400.00","21,500.00","20,400.00","1.76M","1.72%"
"10/05/2021","20,350.00","20,600.00","21,000.00","20,300.00","3.43M","-5.57%"
"10/04/2021","21,550.00","21,900.00","22,450.00","21,200.00","2.09M","-3.58%"
"10/01/2021","22,350.00","22,600.00","23,400.00","21,900.00","2.23M","-2.40%"
"09/30/2021","22,900.00","23,000.00","23,400.00","22,600.00","1.52M","1.33%"
"09/29/2021","22,600.00","22,050.00","23,000.00","21,350.00","1.88M","1.35%"
"09/28/2021","22,300.00","23,150.00","23,150.00","22,000.00","4.83M","3.00%"
"09/27/2021","21,650.00","20,100.00","21,650.00","20,100.00","564.20K","6.91%"
"09/24/2021","20,250.00","19,800.00","21,000.00","19,800.00","4.48M","-4.71%"
"09/23/2021","21,250.00","22,500.00","22,600.00","21,250.00","4.83M","-6.80%"
"09/22/2021","22,800.00","23,650.00","23,750.00","22,500.00","3.38M","-3.39%"
"09/21/2021","23,600.00","22,850.00","23,850.00","22,750.00","3.63M","-1.67%"
"09/20/2021","24,000.00","25,100.00","25,200.00","23,500.00","3.14M","0.84%"
"09/17/2021","23,800.00","22,000.00","24,600.00","21,600.00","4.19M","3.03%"
"09/16/2021","23,100.00","24,200.00","25,750.00","23,000.00","5.98M","-6.48%"
"09/15/2021","24,700.00","25,600.00","25,600.00","23,000.00","10.40M","3.13%"
"09/14/2021","23,950.00","23,950.00","23,950.00","23,800.00","2.23M","6.92%"
"09/13/2021","22,400.00","22,000.00","22,400.00","21,600.00","1.41M","6.92%"
"09/10/2021","20,950.00","20,600.00","20,950.00","19,750.00","6.74M","6.89%"
"09/09/2021","19,600.00","18,750.00","19,600.00","18,600.00","1.90M","6.81%"
"09/08/2021","18,350.00","17,300.00","18,800.00","17,200.00","4.43M","3.09%"
"09/07/2021","17,800.00","18,050.00","18,050.00","17,000.00","9.83M","5.33%"
"09/06/2021","16,900.00","16,900.00","16,900.00","16,900.00","804.30K","6.96%"
"09/01/2021","15,800.00","14,700.00","15,800.00","14,600.00","4.10M","6.76%"
"08/31/2021","14,800.00","14,450.00","15,300.00","13,800.00","3.75M","2.42%"
"08/30/2021","14,450.00","14,450.00","15,300.00","14,450.00","5.97M","0.00%"
"08/27/2021","14,450.00","14,450.00","14,450.00","14,000.00","6.45M","6.64%"
"08/26/2021","13,550.00","13,100.00","13,550.00","12,750.00","1.75M","6.69%"
"08/25/2021","12,700.00","11,950.00","12,800.00","11,400.00","3.69M","4.10%"
"08/24/2021","12,200.00","12,300.00","13,100.00","12,200.00","6.08M","-6.87%"
"08/23/2021","13,100.00","14,000.00","14,000.00","13,000.00","3.13M","-5.07%"
"08/20/2021","13,800.00","14,100.00","14,200.00","13,200.00","3.66M","0.00%"
"08/19/2021","13,800.00","13,600.00","14,200.00","12,750.00","4.52M","1.10%"
"08/18/2021","13,650.00","14,100.00","14,650.00","13,650.00","6.51M","-6.83%"
"08/17/2021","14,650.00","14,150.00","14,750.00","14,050.00","8.60M","4.27%"
"08/16/2021","14,050.00","14,000.00","14,050.00","13,900.00","3.33M","6.84%"
"08/13/2021","13,150.00","12,000.00","13,150.00","11,950.00","3.73M","6.91%"
"08/12/2021","12,300.00","12,850.00","12,850.00","11,300.00","15.12M","2.07%"
"08/11/2021","12,050.00","12,050.00","12,050.00","12,050.00","1.72M","6.64%"
"08/10/2021","11,300.00","11,300.00","11,300.00","11,300.00","1.39M","6.60%"
"08/09/2021","10,600.00","10,550.00","10,600.00","10,300.00","1.73M","6.53%"
"08/06/2021","9,950.00","9,050.00","9,950.00","9,010.00","3.16M","6.99%"
"08/05/2021","9,300.00","10,150.00","10,150.00","9,000.00","10.47M","-2.21%"
"08/04/2021","9,510.00","9,510.00","9,510.00","9,510.00","1.62M","6.97%"
"08/03/2021","8,890.00","8,890.00","8,890.00","8,890.00","1.34M","6.98%"
"08/02/2021","8,310.00","8,200.00","8,310.00","8,000.00","2.59M","6.95%"
"07/30/2021","7,770.00","7,400.00","7,770.00","7,400.00","5.36M","6.88%"
"07/29/2021","7,270.00","6,800.00","7,270.00","6,800.00","1.47M","6.91%"
"07/28/2021","6,800.00","6,760.00","7,010.00","6,760.00","1.40M","-2.58%"
"07/27/2021","6,980.00","7,310.00","7,400.00","6,800.00","2.58M","-3.99%"
"07/26/2021","7,270.00","7,150.00","7,370.00","7,000.00","1.30M","-0.55%"
"07/23/2021","7,310.00","7,680.00","7,800.00","7,300.00","2.03M","-4.32%"
"07/22/2021","7,640.00","7,480.00","7,730.00","7,300.00","3.46M","5.52%"
"07/21/2021","7,240.00","7,550.00","7,550.00","7,190.00","893.30K","-1.63%"
"07/20/2021","7,360.00","7,130.00","7,400.00","7,100.00","1.06M","2.51%"
"07/19/2021","7,180.00","6,850.00","7,650.00","6,830.00","1.45M","-1.37%"
"07/16/2021","7,280.00","6,900.00","7,430.00","6,840.00","1.86M","4.75%"
"07/15/2021","6,950.00","6,800.00","6,990.00","6,730.00","750.00K","1.02%"
"07/14/2021","6,880.00","6,950.00","7,200.00","6,820.00","1.19M","0.29%"
"07/13/2021","6,860.00","6,210.00","6,860.00","6,210.00","1.58M","6.85%"
"07/12/2021","6,420.00","6,800.00","6,910.00","6,420.00","1.68M","-6.96%"
"07/09/2021","6,900.00","6,800.00","7,300.00","6,720.00","1.39M","-4.17%"
"07/08/2021","7,200.00","7,570.00","7,570.00","7,140.00","1.98M","1.55%"
"07/07/2021","7,090.00","6,930.00","7,200.00","6,790.00","3.96M","-2.88%"
"07/06/2021","7,300.00","7,900.00","8,100.00","7,300.00","1.30M","-5.19%"
"07/05/2021","7,700.00","7,900.00","7,900.00","7,390.00","2.40M","4.19%"
"07/02/2021","7,390.00","6,430.00","7,390.00","6,430.00","9.76M","6.95%"
"07/01/2021","6,910.00","6,910.00","6,910.00","6,910.00","886.40K","-7.00%"
"06/30/2021","7,430.00","7,430.00","7,430.00","7,430.00","222.30K","-6.89%"
"06/29/2021","7,980.00","7,980.00","7,980.00","7,980.00","1.32M","-6.88%"
"06/28/2021","8,570.00","9,000.00","9,000.00","8,420.00","6.24M","1.78%"
"06/25/2021","8,420.00","8,420.00","8,420.00","8,200.00","3.55M","6.99%"
"06/24/2021","7,870.00","7,650.00","7,870.00","7,590.00","2.10M","6.93%"
"06/23/2021","7,360.00","6,860.00","7,360.00","6,700.00","2.90M","6.98%"
"06/22/2021","6,880.00","6,400.00","6,880.00","6,100.00","4.07M","7.00%"
"06/21/2021","6,430.00","6,430.00","6,430.00","6,010.00","8.54M","6.99%"
"06/18/2021","6,010.00","6,000.00","6,010.00","5,900.00","2.81M","6.94%"
"06/17/2021","5,620.00","5,450.00","5,620.00","5,270.00","2.80M","6.84%"
"06/16/2021","5,260.00","5,190.00","5,260.00","4,920.00","3.83M","6.91%"
"06/15/2021","4,920.00","4,920.00","4,920.00","4,840.00","4.28M","6.96%"
"06/14/2021","4,600.00","4,550.00","4,600.00","4,500.00","2.57M","6.98%"
"06/11/2021","4,300.00","4,150.00","4,440.00","4,150.00","3.36M","3.61%"
"06/10/2021","4,150.00","4,170.00","4,250.00","4,130.00","680.80K","-0.48%"
"06/09/2021","4,170.00","4,350.00","4,350.00","4,050.00","1.08M","1.71%"
"06/08/2021","4,100.00","4,200.00","4,250.00","4,100.00","818.00K","-3.53%"
"06/07/2021","4,250.00","4,330.00","4,450.00","4,210.00","657.80K","-1.85%"
"06/04/2021","4,330.00","4,490.00","4,490.00","4,270.00","3.42M","3.10%"
"06/03/2021","4,200.00","4,000.00","4,200.00","4,000.00","1.55M","6.87%"
"06/02/2021","3,930.00","3,920.00","3,950.00","3,880.00","1.41M","0.00%"
"06/01/2021","3,930.00","3,970.00","3,970.00","3,930.00","667.20K","-1.50%"
"05/31/2021","3,990.00","4,000.00","4,010.00","3,960.00","1.12M","-0.50%"
"05/28/2021","4,010.00","4,140.00","4,140.00","4,000.00","585.60K","0.50%"
"05/27/2021","3,990.00","4,050.00","4,080.00","3,980.00","716.40K","-2.21%"
"05/26/2021","4,080.00","4,140.00","4,140.00","4,070.00","709.40K","-1.21%"
"05/25/2021","4,130.00","4,190.00","4,190.00","4,130.00","793.90K","-0.96%"
"05/24/2021","4,170.00","4,100.00","4,200.00","4,070.00","876.20K","2.46%"
"05/21/2021","4,070.00","4,020.00","4,150.00","4,020.00","869.20K","1.24%"
"05/20/2021","4,020.00","4,000.00","4,070.00","4,000.00","745.10K","-1.23%"
"05/19/2021","4,070.00","4,100.00","4,100.00","3,990.00","686.00K","0.00%"
"05/18/2021","4,070.00","4,120.00","4,200.00","4,070.00","690.90K","-1.69%"
"05/17/2021","4,140.00","4,130.00","4,250.00","4,050.00","688.30K","0.98%"
"05/14/2021","4,100.00","4,130.00","4,150.00","4,080.00","1.02M","-1.20%"
"05/13/2021","4,150.00","4,200.00","4,250.00","4,140.00","1.01M","-1.19%"
"05/12/2021","4,200.00","4,150.00","4,230.00","4,150.00","996.60K","-0.71%"
"05/11/2021","4,230.00","4,060.00","4,290.00","4,050.00","2.14M","4.44%"
"05/10/2021","4,050.00","3,950.00","4,100.00","3,950.00","959.90K","0.25%"
"05/07/2021","4,040.00","4,130.00","4,150.00","3,950.00","969.90K","-2.65%"
"05/06/2021","4,150.00","4,160.00","4,250.00","4,000.00","3.92M","4.27%"
"05/05/2021","3,980.00","3,670.00","3,980.00","3,670.00","1.18M","6.99%"
"05/04/2021","3,720.00","3,600.00","3,760.00","3,600.00","764.70K","-3.13%"
"04/29/2021","3,840.00","3,810.00","3,880.00","3,760.00","702.80K","-1.03%"
"04/28/2021","3,880.00","3,740.00","3,880.00","3,720.00","1.21M","5.15%"
"04/27/2021","3,690.00","3,720.00","3,720.00","3,600.00","690.50K","-0.81%"
"04/26/2021","3,720.00","3,920.00","3,920.00","3,720.00","929.00K","-5.10%"
"04/23/2021","3,920.00","3,600.00","3,930.00","3,500.00","1.94M","5.09%"
"04/22/2021","3,730.00","4,000.00","4,000.00","3,730.00","2.70M","-6.98%"
"04/20/2021","4,010.00","4,050.00","4,120.00","4,000.00","1.99M","-2.43%"
"04/19/2021","4,110.00","4,300.00","4,390.00","3,940.00","2.38M","-2.84%"
"04/16/2021","4,230.00","4,700.00","4,700.00","4,200.00","3.89M","-4.08%"
"04/15/2021","4,410.00","4,410.00","4,410.00","4,400.00","1.85M","6.78%"
"04/14/2021","4,130.00","4,010.00","4,200.00","3,990.00","4.09M","-3.73%"
"04/13/2021","4,290.00","4,610.00","4,610.00","4,290.00","2.83M","-6.94%"
"04/12/2021","4,610.00","4,210.00","4,610.00","4,200.00","5.22M","6.96%"
"04/09/2021","4,310.00","4,160.00","4,430.00","4,160.00","4.94M","-3.58%"
"04/08/2021","4,470.00","4,470.00","4,600.00","4,470.00","6.45M","-6.88%"
"04/07/2021","4,800.00","4,850.00","4,850.00","4,650.00","4.47M","5.73%"
"04/06/2021","4,540.00","4,300.00","4,540.00","4,260.00","2.97M","6.82%"
"04/05/2021","4,250.00","4,220.00","4,250.00","4,150.00","2.74M","2.91%"
"04/02/2021","4,130.00","4,080.00","4,170.00","4,080.00","1.94M","1.23%"
"04/01/2021","4,080.00","4,130.00","4,150.00","4,070.00","2.30M","-1.21%"
"03/31/2021","4,130.00","4,140.00","4,220.00","4,110.00","2.02M","-0.24%"
"03/30/2021","4,140.00","4,200.00","4,220.00","4,130.00","2.20M","-0.48%"
"03/29/2021","4,160.00","4,150.00","4,190.00","4,050.00","2.23M","4.00%"
"03/26/2021","4,000.00","4,060.00","4,090.00","3,800.00","2.30M","-1.48%"
"03/25/2021","4,060.00","4,130.00","4,140.00","4,020.00","1.53M","-1.46%"
"03/24/2021","4,120.00","4,000.00","4,300.00","3,960.00","3.07M","0.73%"
"03/23/2021","4,090.00","4,150.00","4,170.00","3,960.00","1.94M","-1.92%"
"03/22/2021","4,170.00","4,040.00","4,290.00","3,950.00","2.73M","3.22%"
"03/19/2021","4,040.00","4,010.00","4,090.00","4,010.00","880.00K","-1.46%"
"03/18/2021","4,100.00","4,110.00","4,170.00","4,050.00","2.02M","-0.24%"
"03/17/2021","4,110.00","3,870.00","4,140.00","3,800.00","3.46M","6.20%"
"03/16/2021","3,870.00","3,980.00","3,990.00","3,860.00","2.00M","-3.01%"
"03/15/2021","3,990.00","3,900.00","4,000.00","3,820.00","2.12M","3.37%"
"03/12/2021","3,860.00","3,690.00","3,940.00","3,590.00","3.92M","4.61%"
"03/11/2021","3,690.00","3,700.00","3,750.00","3,660.00","1.18M","1.10%"
"03/10/2021","3,650.00","3,650.00","3,800.00","3,640.00","2.32M","0.27%"
"03/09/2021","3,640.00","3,590.00","3,680.00","3,550.00","1.41M","1.39%"
"03/08/2021","3,590.00","3,580.00","3,650.00","3,560.00","1.79M","0.28%"
"03/05/2021","3,580.00","3,510.00","3,660.00","3,470.00","1.08M","1.99%"
"03/04/2021","3,510.00","3,800.00","3,800.00","3,510.00","1.84M","-3.84%"
"03/03/2021","3,650.00","3,360.00","3,650.00","3,350.00","3.87M","6.73%"
"03/02/2021","3,420.00","3,440.00","3,480.00","3,370.00","1.06M","-0.58%"
"03/01/2021","3,440.00","3,410.00","3,500.00","3,400.00","1.26M","0.88%"
"02/26/2021","3,410.00","3,270.00","3,410.00","3,270.00","1.01M","-1.73%"
"02/25/2021","3,470.00","3,510.00","3,680.00","3,400.00","1.39M","-1.14%"
"02/24/2021","3,510.00","3,680.00","3,680.00","3,440.00","4.04M","2.03%"
"02/23/2021","3,440.00","3,220.00","3,440.00","3,180.00","2.15M","6.83%"
"02/22/2021","3,220.00","3,210.00","3,300.00","3,190.00","2.29M","-2.42%"
"02/19/2021","3,300.00","3,250.00","3,350.00","3,200.00","1.73M","-1.49%"
"02/18/2021","3,350.00","3,470.00","3,490.00","3,300.00","2.78M","-4.01%"
"02/17/2021","3,490.00","3,490.00","3,580.00","3,200.00","1.44M","2.35%"
"02/09/2021","3,410.00","3,280.00","3,530.00","3,140.00","2.01M","1.19%"
"02/08/2021","3,370.00","3,740.00","3,740.00","3,260.00","4.15M","-3.71%"
"02/05/2021","3,500.00","3,500.00","3,500.00","3,500.00","490.50K","6.71%"
"02/04/2021","3,280.00","2,860.00","3,280.00","2,860.00","2.95M","6.84%"
"02/03/2021","3,070.00","3,070.00","3,070.00","3,070.00","818.50K","-6.97%"
"02/02/2021","3,300.00","3,300.00","3,300.00","3,300.00","179.20K","-6.78%"
"02/01/2021","3,540.00","3,540.00","3,540.00","3,540.00","441.60K","-6.84%"